15,16,7.818234520607982
16,15,7.818234520607982
19,20,1.9591268466336962
20,21,2.0909040125153115
21,22,3.4138523775734373
22,23,2.80549969992515
23,24,2.784581682083154
24,25,5.737381578587261
25,26,1.491681531811031
26,27,0.8572613256015535
27,26,0.8572613256015535
26,25,1.491681531811031
25,24,5.737381578587261
24,23,2.784581682083154
23,22,2.80549969992515
22,21,3.4138523775734373
21,20,2.0909040125153115
20,19,1.9591268466336962
28,29,8.117819495102905
29,30,10.837667089770031
30,29,10.837667089770031
29,28,8.117819495102905
31,32,77.40894188538185
33,34,79.11402647356678
34,35,74.39698121007831
35,36,92.27603106906288
14,38,2.5962598104397614
38,39,5.565223069966009
39,38,5.565223069966009
38,14,2.5962598104397614
40,41,3.252890297503233
43,44,42.80127654651588
45,46,53.57140323562319
48,49,45.99271865823044
49,50,23.268302242032643
54,55,2.8048003659872607
55,56,19.477625699751563
56,57,5.376534484006921
57,58,0.8871243155706652
58,57,0.8871243155706652
57,56,5.376534484006921
56,55,19.477625699751563
55,54,2.8048003659872607
61,62,4.033566782872483
62,61,4.033566782872483
63,64,6.1809080108917325
64,65,1.2222915661650133
65,66,7.836900970836947
66,67,3.5367733601083815
67,68,4.127373966421819
68,69,2.9939677181484035
69,70,2.8668115697467558
70,71,2.9711673631991555
71,72,2.842089098831093
72,73,3.4403061747157517
73,74,3.570875647782069
74,75,2.618290235550483
75,76,2.6713157730496766
76,77,2.6489349867058243
77,78,2.024734735449414
78,79,2.6306596592537734
79,80,10.37733134279929
80,81,6.95845941954655
81,82,3.017868361276843
82,83,5.8048923981595735
83,84,4.5443808828927175
84,85,7.962634499654825
85,86,16.50275185280808
86,87,5.767835663092958
87,88,7.076881942768598
88,89,4.822171658625601
89,90,5.243026932275717
90,91,5.99940567061571
91,92,9.81583506502227
92,93,9.164034186885786
93,92,9.164034186885786
92,91,9.81583506502227
91,90,5.99940567061571
90,89,5.243026932275717
89,88,4.822171658625601
88,87,7.076881942768598
87,86,5.767835663092958
86,85,16.50275185280808
85,84,7.962634499654825
84,83,4.5443808828927175
83,82,5.8048923981595735
82,81,3.017868361276843
81,80,6.95845941954655
80,79,10.37733134279929
79,78,2.6306596592537734
78,77,2.024734735449414
77,76,2.6489349867058243
76,75,2.6713157730496766
75,74,2.618290235550483
74,73,3.570875647782069
73,72,3.4403061747157517
72,71,2.842089098831093
71,70,2.9711673631991555
70,69,2.8668115697467558
69,68,2.9939677181484035
68,67,4.127373966421819
67,66,3.5367733601083815
66,65,7.836900970836947
65,64,1.2222915661650133
64,63,6.1809080108917325
98,99,43.62535253605518
100,101,1.088797222554269
101,102,6.924189508951116
102,103,0.4747278237483278
103,104,8.309015111575517
104,105,0.46752503287612984
105,106,0.6591220939030003
106,107,6.924302073799077
107,108,0.9523442053693723
108,109,1.0002995351216408
109,110,6.640141969725848
110,111,0.9118360137340705
111,110,0.9118360137340705
110,109,6.640141969725848
109,108,1.0002995351216408
108,107,0.9523442053693723
107,106,6.924302073799077
106,105,0.6591220939030003
105,104,0.46752503287612984
104,103,8.309015111575517
103,102,0.4747278237483278
102,101,6.924189508951116
101,100,1.088797222554269
146,147,1.2367092483417732
147,145,4.0338820511844
148,149,9.335753891993342
149,150,4.620621136624076
150,151,2.765226506115958
151,152,3.099517025546276
152,153,1.861424046515077
153,154,1.6697659140572665
154,155,4.079371686175616
155,156,2.9394977283660557
156,157,0.8582008590043426
157,158,1.1610968830521888
158,159,1.2364721818631257
159,160,1.5722984861882425
160,161,1.856384489805286
161,162,0.4588687502007157
162,163,1.0808624283104382
163,164,0.9113142041696616
164,165,0.7055929448331673
165,166,0.5623986705917072
166,167,2.4405858946088186
167,166,2.4405858946088186
166,165,0.5623986705917072
165,164,0.7055929448331673
164,163,0.9113142041696616
163,162,1.0808624283104382
162,161,0.4588687502007157
161,160,1.856384489805286
160,159,1.5722984861882425
159,158,1.2364721818631257
158,157,1.1610968830521888
157,156,0.8582008590043426
156,155,2.9394977283660557
155,154,4.079371686175616
154,153,1.6697659140572665
153,152,1.861424046515077
152,151,3.099517025546276
151,150,2.765226506115958
150,149,4.620621136624076
149,148,9.335753891993342
140,168,1.286663622224415
168,169,2.5776759819311126
169,168,2.5776759819311126
168,140,1.286663622224415
172,173,0.3110286890714521
173,174,0.5528665837635927
174,175,0.7270684814673274
175,176,0.599350399968565
176,177,0.6513613192028358
177,178,0.6697227780200956
178,179,0.8526534129114096
179,180,0.7590945104470943
180,181,0.6699163410978652
181,182,0.6257825108445363
182,181,0.6257825108445363
181,180,0.6699163410978652
180,179,0.7590945104470943
179,178,0.8526534129114096
178,177,0.6697227780200956
177,176,0.6513613192028358
176,175,0.599350399968565
175,174,0.7270684814673274
174,173,0.5528665837635927
173,172,0.3110286890714521
183,184,0.5278871264537857
184,185,0.443359512263611
185,172,0.27626124157633725
172,185,0.27626124157633725
185,184,0.443359512263611
184,183,0.5278871264537857
189,190,7.689363310575264
190,191,1.5509910322843874
191,190,1.5509910322843874
190,189,7.689363310575264
192,193,10.080765590210685
193,194,7.2314812325511015
194,195,6.266204972098923
195,196,4.845100941756301
196,197,5.90781329636075
197,198,2.765302739825062
198,199,3.217977914694738
199,200,5.451088889820522
200,201,3.546133655909064
201,202,1.9461430690158048
202,203,2.5411512933167564
203,204,2.4610118906231566
204,205,2.4835596233342025
205,206,2.318070787124232
206,207,2.2238579221316037
207,208,2.7795186387297783
208,209,2.3885743262552177
209,210,5.724857966037549
210,211,4.530180731278622
211,212,4.816225956112845
212,213,2.145498298671681
213,214,2.2627015491583737
214,215,2.5361928097342217
215,216,2.5408856209224027
216,217,5.563947298579491
217,218,6.112175237792151
218,219,31.806151557346492
219,218,31.806151557346492
218,217,6.112175237792151
217,216,5.563947298579491
216,215,2.5408856209224027
215,214,2.5361928097342217
214,213,2.2627015491583737
213,212,2.145498298671681
212,211,4.816225956112845
211,210,4.530180731278622
210,209,5.724857966037549
209,208,2.3885743262552177
208,207,2.7795186387297783
207,206,2.2238579221316037
206,205,2.318070787124232
205,204,2.4835596233342025
204,203,2.4610118906231566
203,202,2.5411512933167564
202,201,1.9461430690158048
201,200,3.546133655909064
200,199,5.451088889820522
199,198,3.217977914694738
198,197,2.765302739825062
197,196,5.90781329636075
196,195,4.845100941756301
195,194,6.266204972098923
194,193,7.2314812325511015
193,192,10.080765590210685
220,221,5.0413820127895415
227,228,1.3868189923806857
229,230,22.512376894284838
230,231,3.1326005921316242
231,232,2.8096572702602542
232,233,11.573941574650021
233,234,12.701133604654325
234,235,2.664253106834187
235,236,13.868121909056455
236,235,13.868121909056455
235,234,2.664253106834187
234,233,12.701133604654325
233,232,11.573941574650021
232,231,2.8096572702602542
231,230,3.1326005921316242
230,229,22.512376894284838
237,238,4.332929909938458
238,239,8.523330618100523
239,240,0.5969229855237304
240,241,10.529431991256592
241,240,10.529431991256592
240,239,0.5969229855237304
239,238,8.523330618100523
238,237,4.332929909938458
242,243,86.1390557128438
247,248,34.51383903256487
248,247,34.51383903256487
249,250,1.0584690550437599
250,251,6.048511758634431
251,252,6.838800916735682
252,253,4.384686967730311
253,254,0.450054246346122
254,255,3.8238278966667503
255,256,0.3997583250682455
256,257,1.0316554146102477
257,258,0.23517798954048727
258,259,1.2384962636857422
259,260,0.07170624030820705
260,261,0.203522871406771
261,262,1.7704851078173582
262,263,1.8550726715971009
263,264,0.5718507128124508
264,263,0.5718507128124508
263,262,1.8550726715971009
262,261,1.7704851078173582
261,260,0.203522871406771
260,259,0.07170624030820705
259,258,1.2384962636857422
258,257,0.23517798954048727
257,256,1.0316554146102477
256,255,0.3997583250682455
255,254,3.8238278966667503
254,253,0.450054246346122
253,252,4.384686967730311
252,251,6.838800916735682
251,250,6.048511758634431
250,249,1.0584690550437599
265,266,1.1213306135396284
267,268,2.9488506216794583
275,276,28.2379541183698
276,277,30.844890013248914
278,279,17.247390257283566
284,285,1.0471320528946593
285,286,1.3567094372171462
286,287,0.9435568553121773
287,288,0.3690314674729963
288,289,0.22691942077748628
289,290,0.39528741447851756
290,291,0.4403593810716642
291,292,0.3855356383620888
292,293,1.0605464768866697
293,294,1.4070139259856878
294,295,1.4938555227196517
295,296,0.995892375177031
296,297,0.6019597493480762
297,298,0.6578534960374025
298,299,0.27553128776222663
299,300,0.46245719111902184
300,301,1.2847492360129509
301,302,1.2602530329467518
302,284,0.6768116261412866
284,302,0.6768116261412866
302,301,1.2602530329467518
301,300,1.2847492360129509
300,299,0.46245719111902184
299,298,0.27553128776222663
298,297,0.6578534960374025
297,296,0.6019597493480762
296,295,0.995892375177031
295,294,1.4938555227196517
294,293,1.4070139259856878
293,292,1.0605464768866697
292,291,0.3855356383620888
291,290,0.4403593810716642
290,289,0.39528741447851756
289,288,0.22691942077748628
288,287,0.3690314674729963
287,286,0.9435568553121773
286,285,1.3567094372171462
285,284,1.0471320528946593
306,307,39.77219503278917
309,310,72.73542525344186
312,313,15.92988161599639
314,315,3.1560505002149037
315,316,2.3900503766547248
316,317,1.5212139650895313
317,318,0.8831602041221494
318,319,0.7665835062839914
319,318,0.7665835062839914
318,317,0.8831602041221494
317,316,1.5212139650895313
316,315,2.3900503766547248
315,314,3.1560505002149037
320,321,0.9297702565208175
321,322,4.351309369819476
322,323,5.019715726424479
323,324,1.135729149892172
324,323,1.135729149892172
323,322,5.019715726424479
322,321,4.351309369819476
321,320,0.9297702565208175
325,326,2.4686049826601146
334,335,2.86072738484235
335,336,2.192250709977815
336,337,37.32990776150019
337,338,3.330901249863187
338,339,2.6816238086276982
339,340,2.6106365898353836
340,341,34.10858648988922
341,342,6.524111942489368
342,343,40.01161093425442
343,342,40.01161093425442
342,341,6.524111942489368
341,340,34.10858648988922
340,339,2.6106365898353836
339,338,2.6816238086276982
338,337,3.330901249863187
337,336,37.32990776150019
336,335,2.192250709977815
335,334,2.86072738484235
344,345,24.261212513137433
345,344,24.261212513137433
252,347,0.6826893658287435
347,348,13.301544694488445
348,347,13.301544694488445
347,252,0.6826893658287435
354,355,2.3900728489716725
355,356,24.390649753766816
356,357,24.0701470810148
357,358,24.28180929322526
358,359,24.551313275283363
359,360,2.126660703820498
360,361,5.728376761671419
361,362,3.5731971844438863
362,361,3.5731971844438863
361,360,5.728376761671419
360,359,2.126660703820498
359,358,24.551313275283363
358,357,24.28180929322526
357,356,24.0701470810148
356,355,24.390649753766816
355,354,2.3900728489716725
125,364,0.9418023186535167
364,365,0.7407007070542182
365,366,10.38941357663846
366,367,0.963483541020274
367,368,1.451958474473225
368,369,1.1082484866095021
369,370,1.1033463434438642
370,369,1.1033463434438642
369,368,1.1082484866095021
368,367,1.451958474473225
367,366,0.963483541020274
366,365,10.38941357663846
365,364,0.7407007070542182
364,125,0.9418023186535167
372,373,11.105524709002779
373,374,3.7477440760442167
375,376,10.66117037505925
377,112,1.526949495146761
15,378,3.2085357037675033
378,15,3.2085357037675033
379,268,52.61053445143079
380,381,32.674596268003604
383,384,50.127682728259884
387,388,7.972649245561023
388,389,8.581360880342466
389,390,7.828856635235016
391,392,1.658679080434856
392,393,2.2586799759440006
393,392,2.2586799759440006
392,391,1.658679080434856
399,400,7.888477972721617
400,401,7.259276000180609
401,402,1.0566159212728072
402,403,0.653983215332232
403,404,7.100671995138212
404,405,6.707258851300697
405,406,0.6705324980479307
406,407,0.465258803070073
407,406,0.465258803070073
406,405,0.6705324980479307
405,404,6.707258851300697
404,403,7.100671995138212
403,402,0.653983215332232
402,401,1.0566159212728072
401,400,7.259276000180609
400,399,7.888477972721617
408,409,45.591109268338975
409,408,45.591109268338975
97,414,35.69575238395112
418,419,3.044022115870101
419,418,3.044022115870101
125,423,1.8226468226536134
423,424,9.325812350218403
424,423,9.325812350218403
423,125,1.8226468226536134
427,428,11.51135027051432
428,427,11.51135027051432
429,430,3.3553155523213434
430,431,57.77123629066232
431,430,57.77123629066232
430,429,3.3553155523213434
432,433,17.136106193601105
433,434,15.82832450630965
434,435,14.199790453797352
435,436,14.265083020630586
436,437,14.368061986916432
437,436,14.368061986916432
436,435,14.265083020630586
435,434,14.199790453797352
434,433,15.82832450630965
433,432,17.136106193601105
441,442,31.37096095780933
443,444,83.10904136246566
452,453,0.9842880034880102
457,458,43.560389797535755
461,462,1.0380205914379628
462,463,3.512548798741053
463,464,2.7790831478217104
464,465,11.008359859466541
465,464,11.008359859466541
464,463,2.7790831478217104
463,462,3.512548798741053
462,461,1.0380205914379628
467,468,75.58001745637443
468,469,2.8258592023740667
469,468,2.8258592023740667
468,467,75.58001745637443
400,470,15.109963936229953
470,471,11.541836474886338
471,472,13.136196009791579
472,471,13.136196009791579
471,470,11.541836474886338
470,400,15.109963936229953
473,474,1.0008142634603703
474,475,18.316522140714355
475,474,18.316522140714355
474,473,1.0008142634603703
476,477,45.61703807897053
480,481,2.8268546233064034
482,483,25.100700256539266
484,485,2.131993156475917
485,486,2.700465394540307
486,487,2.015053630045509
487,488,2.091392355434461
488,489,2.321522387745887
489,490,0.9734331798621492
490,489,0.9734331798621492
489,488,2.321522387745887
488,487,2.091392355434461
487,486,2.015053630045509
486,485,2.700465394540307
485,484,2.131993156475917
461,493,1.7240623500770385
493,461,1.7240623500770385
499,500,57.00510500337504
503,504,2.9036576275074033
504,505,8.337373380017429
505,506,16.805100557861405
506,505,16.805100557861405
505,504,8.337373380017429
504,503,2.9036576275074033
507,508,1.612398375013022
508,509,1.6650980278300227
509,510,1.4389130527146532
510,511,3.9062375478348157
511,510,3.9062375478348157
510,509,1.4389130527146532
509,508,1.6650980278300227
508,507,1.612398375013022
516,517,2.7377053515948804
518,521,0.38273793555831515
521,522,0.42078016971865084
522,523,0.6620750497721348
523,524,0.8264375660450297
524,525,1.7576975960754204
525,524,1.7576975960754204
524,523,0.8264375660450297
523,522,0.6620750497721348
522,521,0.42078016971865084
521,518,0.38273793555831515
526,34,10.98867106016009
527,528,10.396851322426922
529,530,8.69600652477829
530,529,8.69600652477829
534,535,3.192749018270537
535,536,10.741166130876039
536,429,2.96099605148435
429,536,2.96099605148435
536,535,10.741166130876039
535,534,3.192749018270537
537,538,2.602681567266374
538,63,1.805789184775421
63,538,1.805789184775421
538,537,2.602681567266374
540,541,13.969703084255894
541,542,26.30816998895358
542,543,6.862715731751324
543,544,2.410365608504148
544,545,2.154048706553149
545,546,20.85632057407023
546,13,3.1485620301856
13,546,3.1485620301856
546,545,20.85632057407023
545,544,2.154048706553149
544,543,2.410365608504148
543,542,6.862715731751324
542,541,26.30816998895358
541,540,13.969703084255894
549,550,48.45190641430575
550,551,19.417123326476013
553,454,26.00376902739139
562,563,20.95418225856006
563,564,8.42454072565149
564,565,4.799911519198089
565,566,2.218503858953216
566,567,2.8022321654087037
567,568,0.4925564410425727
568,569,4.221201863325617
569,570,3.203243506434687
570,569,3.203243506434687
569,568,4.221201863325617
568,567,0.4925564410425727
567,566,2.8022321654087037
566,565,2.218503858953216
565,564,4.799911519198089
564,563,8.42454072565149
563,562,20.95418225856006
573,574,1.4546973323489025
574,575,0.6783658805417003
575,576,0.8295739234956079
576,577,2.2053806694921336
577,578,0.9222650394876242
578,579,0.6338144833521402
579,580,0.7237683850349961
580,581,1.5489453569321243
581,582,1.5155098381977745
582,583,0.7375129972183521
583,584,1.164391604786359
584,585,1.3671631907260635
585,586,2.0168772235093444
586,587,2.3006904712418375
587,588,2.77534737630895
588,589,2.659107246683198
589,590,1.5643554497841543
590,591,2.244830406361098
591,590,2.244830406361098
590,589,1.5643554497841543
589,588,2.659107246683198
588,587,2.77534737630895
587,586,2.3006904712418375
586,585,2.0168772235093444
585,584,1.3671631907260635
584,583,1.164391604786359
583,582,0.7375129972183521
582,581,1.5155098381977745
581,580,1.5489453569321243
580,579,0.7237683850349961
579,578,0.6338144833521402
578,577,0.9222650394876242
577,576,2.2053806694921336
576,575,0.8295739234956079
575,574,0.6783658805417003
574,573,1.4546973323489025
592,593,0.11073165506806114
593,594,0.18569655145154873
594,595,0.39317765921540554
595,596,0.1365785509043993
596,597,2.722601484047244
597,598,0.36562662495784015
598,599,0.26019224396697255
599,600,0.28728918826266797
600,601,1.2750305770522554
601,602,0.4868305530003991
602,603,0.384187726641422
603,604,0.4793644009937896
604,605,0.4471944580633404
605,606,3.8147847916610598
606,607,0.33165608596586316
607,608,0.5238427702787429
608,609,1.6239110994387032
609,610,1.2499574039681538
610,611,1.8850977059793308
611,612,1.266362099871594
612,613,1.46342506399906
613,614,2.5542699615263986
614,615,8.779090516172444
615,616,0.38724929593398827
616,617,0.30025162232598657
617,616,0.30025162232598657
616,615,0.38724929593398827
615,614,8.779090516172444
614,613,2.5542699615263986
613,612,1.46342506399906
612,611,1.266362099871594
611,610,1.8850977059793308
610,609,1.2499574039681538
609,608,1.6239110994387032
608,607,0.5238427702787429
607,606,0.33165608596586316
606,605,3.8147847916610598
605,604,0.4471944580633404
604,603,0.4793644009937896
603,602,0.384187726641422
602,601,0.4868305530003991
601,600,1.2750305770522554
600,599,0.28728918826266797
599,598,0.26019224396697255
598,597,0.36562662495784015
597,596,2.722601484047244
596,595,0.1365785509043993
595,594,0.39317765921540554
594,593,0.18569655145154873
593,592,0.11073165506806114
625,626,12.967437503201477
626,627,1.4101977689014347
627,628,2.3710485477168524
628,627,2.3710485477168524
627,626,1.4101977689014347
626,625,12.967437503201477
634,635,12.151249397284982
635,636,2.1406784437835924
636,637,2.299129334184843
637,638,14.154503832780524
638,637,14.154503832780524
637,636,2.299129334184843
636,635,2.1406784437835924
635,634,12.151249397284982
492,639,4.36502659702349
639,640,2.264332920690527
640,641,2.7854842253931102
641,119,9.016066999499245
119,642,2.197608472010433
642,643,2.0690436429074683
643,644,4.351112691105563
644,645,2.2366102493740287
645,646,2.2495288860193456
646,647,2.453746584520579
647,648,2.458477924360559
648,649,2.350996560497686
649,650,2.1614750429314804
650,651,2.431196735694974
651,652,2.58193404553006
652,653,2.5302351844123
653,654,2.4395848902554125
654,655,2.4069960292332686
655,656,2.45679849334406
656,657,2.422586388714689
657,5,2.694245872556589
5,658,16.87557954835344
658,659,3.1353826832699463
659,660,3.4823049854646526
660,661,17.42127860870033
661,662,4.124060889261273
662,663,3.6091322177223253
663,664,9.925388341217547
664,665,3.4713913604834254
665,666,3.5824522504996446
666,667,3.566986403290323
667,668,3.6167684914236133
668,669,2.7993452285379177
669,670,3.143662153053763
670,671,7.955726540818327
671,672,3.327719854288248
672,673,2.5686001855864107
673,674,3.34463611615158
674,675,10.453691355433596
675,676,2.919347177274399
676,677,2.99467603712859
677,678,34.10790391538358
678,679,2.0800120763835626
679,680,2.115813899418553
680,679,2.115813899418553
679,678,2.0800120763835626
678,677,34.10790391538358
677,676,2.99467603712859
676,675,2.919347177274399
675,674,10.453691355433596
674,673,3.34463611615158
673,672,2.5686001855864107
672,671,3.327719854288248
671,670,7.955726540818327
670,669,3.143662153053763
669,668,2.7993452285379177
668,667,3.6167684914236133
667,666,3.566986403290323
666,665,3.5824522504996446
665,664,3.4713913604834254
664,663,9.925388341217547
663,662,3.6091322177223253
662,661,4.124060889261273
661,660,17.42127860870033
660,659,3.4823049854646526
659,658,3.1353826832699463
658,5,16.87557954835344
5,657,2.694245872556589
657,656,2.422586388714689
656,655,2.45679849334406
655,654,2.4069960292332686
654,653,2.4395848902554125
653,652,2.5302351844123
652,651,2.58193404553006
651,650,2.431196735694974
650,649,2.1614750429314804
649,648,2.350996560497686
648,647,2.458477924360559
647,646,2.453746584520579
646,645,2.2495288860193456
645,644,2.2366102493740287
644,643,4.351112691105563
643,642,2.0690436429074683
642,119,2.197608472010433
119,641,9.016066999499245
641,640,2.7854842253931102
640,639,2.264332920690527
639,492,4.36502659702349
681,682,16.95525493818145
682,683,2.201426843836756
683,682,2.201426843836756
682,681,16.95525493818145
687,688,23.757469127460542
689,690,13.896290392184973
690,689,13.896290392184973
691,692,51.757474105879254
93,694,10.524366417431386
694,93,10.524366417431386
695,696,0.32100817553288685
696,697,0.37470033259893254
697,698,3.8748534865456934
698,699,3.9582704279168324
699,470,4.1039194793024025
470,700,6.882391573680595
700,701,4.165473657398445
701,702,2.386743962326256
702,701,2.386743962326256
701,700,4.165473657398445
700,470,6.882391573680595
470,699,4.1039194793024025
699,698,3.9582704279168324
698,697,3.8748534865456934
697,696,0.37470033259893254
696,695,0.32100817553288685
703,704,11.015513590415486
457,707,13.139189676124309
501,708,51.06618736283984
708,709,44.49813429372129
709,710,3.3461369547112625
404,715,1.0365756625794493
715,698,15.51465678834417
698,716,10.91045182364866
716,717,15.543249849343631
717,718,6.214579830495142
718,717,6.214579830495142
717,716,15.543249849343631
716,698,10.91045182364866
698,715,15.51465678834417
715,404,1.0365756625794493
722,115,40.049983885082774
725,726,68.16368388741162
726,727,44.721410597160585
727,728,41.019463850509936
728,729,7.395489421691256
734,735,5.617323998736398
735,734,5.617323998736398
188,736,3.676496872991363
736,737,7.255918682716212
737,187,2.3649886642056126
187,737,2.3649886642056126
737,736,7.255918682716212
736,188,3.676496872991363
738,739,55.33432158364985
739,714,8.4173131230387
714,739,8.4173131230387
739,738,55.33432158364985
740,622,37.230837461152746
372,741,26.44829326006608
741,742,44.26901697876676
387,743,19.908658287316907
751,752,1.7594654690218627
752,753,10.726348636882527
753,754,2.206224261979168
754,753,2.206224261979168
753,752,10.726348636882527
752,751,1.7594654690218627
759,760,1.5974790350715689
760,761,3.934607334275139
761,762,2.5987445449062365
762,763,3.0046129077937804
763,764,1.0085552334609358
764,765,1.1143390317832356
765,766,9.91434803864019
766,767,10.07412945420482
767,768,9.844077301627175
768,769,9.74316820872274
769,770,8.825264535679949
770,771,0.9592090576227751
771,772,0.9884532279204632
772,773,7.889102675643732
773,774,0.8501324696562227
774,775,1.1321023544932105
775,776,8.470186921638
776,777,0.743250012120141
777,778,1.2092289767020343
778,779,8.736156525604489
779,780,1.5220448862037976
780,779,1.5220448862037976
779,778,8.736156525604489
778,777,1.2092289767020343
777,776,0.743250012120141
776,775,8.470186921638
775,774,1.1321023544932105
774,773,0.8501324696562227
773,772,7.889102675643732
772,771,0.9884532279204632
771,770,0.9592090576227751
770,769,8.825264535679949
769,768,9.74316820872274
768,767,9.844077301627175
767,766,10.07412945420482
766,765,9.91434803864019
765,764,1.1143390317832356
764,763,1.0085552334609358
763,762,3.0046129077937804
762,761,2.5987445449062365
761,760,3.934607334275139
760,759,1.5974790350715689
782,783,2.8539229516813567
783,784,9.680057939268336
784,785,3.4543188871381547
785,143,4.219222920242322
143,785,4.219222920242322
785,784,3.4543188871381547
784,783,9.680057939268336
783,782,2.8539229516813567
787,788,1.3286842040475655
788,789,1.0643983289238563
789,790,0.6198756446341185
790,791,0.5720517202488997
791,792,0.6311515703153825
792,793,0.7347226285401638
793,794,0.9975011582215206
794,795,0.8870639999404517
795,796,0.9144569609251579
796,797,0.4656973541192594
797,798,1.086384584534922
798,799,0.9470334254150037
799,800,0.8313368594599684
800,801,0.3917989495649842
801,802,0.8097539631324001
802,803,1.231231667291253
803,802,1.231231667291253
802,801,0.8097539631324001
801,800,0.3917989495649842
800,799,0.8313368594599684
799,798,0.9470334254150037
798,797,1.086384584534922
797,796,0.4656973541192594
796,795,0.9144569609251579
795,794,0.8870639999404517
794,793,0.9975011582215206
793,792,0.7347226285401638
792,791,0.6311515703153825
791,790,0.5720517202488997
790,789,0.6198756446341185
789,788,1.0643983289238563
788,787,1.3286842040475655
804,805,1.7583292299531852
805,806,1.865204578491774
806,805,1.865204578491774
805,804,1.7583292299531852
807,808,10.508015718817177
809,810,9.50875704990964
810,629,28.690900419599558
629,810,28.690900419599558
810,809,9.50875704990964
811,812,1.3909433143504448
282,813,71.20492758388735
813,814,2.110222485602341
814,815,75.03894893029312
815,816,27.51841041175869
816,815,27.51841041175869
815,814,75.03894893029312
814,813,2.110222485602341
813,282,71.20492758388735
375,817,36.96249490429425
389,818,36.61683638451267
413,415,14.443313564133812
825,826,9.170908523822654
826,827,1.5791138298390668
827,828,1.9421956751422873
828,829,7.418348300667978
829,830,8.494114395520077
830,831,2.7245885947952404
831,832,8.97709317272497
832,833,5.9332244376757375
833,834,1.824928496295665
834,835,4.053733443445705
835,834,4.053733443445705
834,833,1.824928496295665
833,832,5.9332244376757375
832,831,8.97709317272497
831,830,2.7245885947952404
830,829,8.494114395520077
829,828,7.418348300667978
828,827,1.9421956751422873
827,826,1.5791138298390668
826,825,9.170908523822654
840,841,20.982110868769972
841,842,66.3032696151437
842,843,46.76808370889476
843,844,5.755762884376429
844,843,5.755762884376429
843,842,46.76808370889476
842,841,66.3032696151437
841,840,20.982110868769972
845,846,6.143372982750037
540,848,60.079055108055144
848,849,1.8651940155946174
849,850,9.234788022006782
850,851,10.255857741870575
851,850,10.255857741870575
850,849,9.234788022006782
849,848,1.8651940155946174
848,540,60.079055108055144
853,854,85.24801440855227
854,527,89.8094985032658
527,855,70.21073628952452
861,862,2.017030953591822
862,863,29.639856375815153
863,441,49.331699962481714
865,866,9.159239307302306
867,868,12.144798066796426
868,869,1.1955117329686151
869,870,1.3560106893903496
870,871,11.351457965798943
871,872,1.3192527420768292
872,871,1.3192527420768292
871,870,11.351457965798943
870,869,1.3560106893903496
869,868,1.1955117329686151
868,867,12.144798066796426
873,874,52.41028357885776
875,876,15.509672444047022
876,877,1.6520587573314032
877,878,2.2053522408427115
878,879,7.349475648159011
879,880,2.038442753445989
880,879,2.038442753445989
879,878,7.349475648159011
878,877,2.2053522408427115
877,876,1.6520587573314032
876,875,15.509672444047022
883,884,1.368473799811571
884,885,20.83228178094556
885,881,1.0466848632589372
881,885,1.0466848632589372
885,884,20.83228178094556
884,883,1.368473799811571
886,887,12.87848505680836
890,891,1.4955826532134449
891,892,7.979227548939972
892,893,12.82528409156026
893,894,10.951074924507488
894,895,10.445661402462196
895,896,10.576127778042968
896,897,8.895713487446734
897,898,0.9233070300536796
898,899,1.0795666067645366
899,900,8.08275327220204
900,901,0.7491433004118853
901,902,0.9212746532419644
902,903,7.995799135691529
903,904,0.7994528051083835
904,905,0.8205973900737177
905,906,0.11118809074371441
906,907,7.765910007439631
907,908,0.7674491071546987
908,909,0.9009921604483213
909,910,9.07541535184702
910,911,10.803562536987165
911,912,10.727699559910139
912,913,10.24053194674093
913,914,1.6125003944798189
914,913,1.6125003944798189
913,912,10.24053194674093
912,911,10.727699559910139
911,910,10.803562536987165
910,909,9.07541535184702
909,908,0.9009921604483213
908,907,0.7674491071546987
907,906,7.765910007439631
906,905,0.11118809074371441
905,904,0.8205973900737177
904,903,0.7994528051083835
903,902,7.995799135691529
902,901,0.9212746532419644
901,900,0.7491433004118853
900,899,8.08275327220204
899,898,1.0795666067645366
898,897,0.9233070300536796
897,896,8.895713487446734
896,895,10.576127778042968
895,894,10.445661402462196
894,893,10.951074924507488
893,892,12.82528409156026
892,891,7.979227548939972
891,890,1.4955826532134449
917,918,9.912339563489969
918,919,10.064284514265665
919,920,9.46420473021156
920,921,9.838714112631472
921,922,9.775671149461317
922,923,9.961125999498588
923,922,9.961125999498588
922,921,9.775671149461317
921,920,9.838714112631472
920,919,9.46420473021156
919,918,10.064284514265665
918,917,9.912339563489969
924,809,32.16092309229283
809,924,32.16092309229283
925,887,0.4074771022706164
887,926,4.190467079323971
926,927,5.227323172820553
927,928,3.8423877119427194
928,929,3.982722017960908
929,930,3.6946251314932192
930,931,4.111735399685038
931,932,1.537741185386614
932,933,3.4679566948017664
933,934,5.311935078589924
934,935,5.58013678748822
935,936,5.027459628847781
936,937,5.217592550398436
937,938,5.845944548672533
938,939,6.41078309996127
939,940,6.239943535696467
940,941,2.011941338645076
941,942,0.1568508564854528
942,943,0.6063359837023663
943,944,1.0066527635079505
944,945,1.813572565194142
945,946,3.9022793753407785
946,947,1.0777444758956174
947,948,1.7213362696411474
948,947,1.7213362696411474
947,946,1.0777444758956174
946,945,3.9022793753407785
945,944,1.813572565194142
944,943,1.0066527635079505
943,942,0.6063359837023663
942,941,0.1568508564854528
941,940,2.011941338645076
940,939,6.239943535696467
939,938,6.41078309996127
938,937,5.845944548672533
937,936,5.217592550398436
936,935,5.027459628847781
935,934,5.58013678748822
934,933,5.311935078589924
933,932,3.4679566948017664
932,931,1.537741185386614
931,930,4.111735399685038
930,929,3.6946251314932192
929,928,3.982722017960908
928,927,3.8423877119427194
927,926,5.227323172820553
926,887,4.190467079323971
887,925,0.4074771022706164
135,950,1.7400943631480588
950,135,1.7400943631480588
951,952,7.918816447344312
952,953,4.699303075651935
953,954,11.551158058824832
954,955,26.373036994696438
955,956,1.9722429344975847
956,955,1.9722429344975847
955,954,26.373036994696438
954,953,11.551158058824832
953,952,4.699303075651935
952,951,7.918816447344312
963,439,3.9384855031132133
439,964,6.493900528707785
645,6,4.787202355100598
6,965,1.509293362131543
965,6,1.509293362131543
6,645,4.787202355100598
966,967,3.7097572572830275
967,968,22.528004478996255
968,969,3.0507247063309286
969,968,3.0507247063309286
968,967,22.528004478996255
967,966,3.7097572572830275
50,388,32.14608464562082
973,974,34.007449597092325
974,373,4.886649839710169
617,975,0.23194449195180378
975,976,0.1487466086669062
976,977,0.07238756415660924
977,978,0.08665381236188105
978,979,0.2121891063758078
979,980,0.3079895818695927
980,981,0.32906178890239585
981,982,0.5486619544359068
982,983,0.5486691132262802
983,984,0.5622677105162726
984,985,0.7518240645094536
985,986,8.163769529526576
986,985,8.163769529526576
985,984,0.7518240645094536
984,983,0.5622677105162726
983,982,0.5486691132262802
982,981,0.5486619544359068
981,980,0.32906178890239585
980,979,0.3079895818695927
979,978,0.2121891063758078
978,977,0.08665381236188105
977,976,0.07238756415660924
976,975,0.1487466086669062
975,617,0.23194449195180378
424,987,3.912620676524955
987,988,3.553531162849457
988,989,4.680562448743925
989,988,4.680562448743925
988,987,3.553531162849457
987,424,3.912620676524955
623,990,47.91114441222186
990,991,38.90059240049488
991,992,6.897412660859535
992,993,41.26398719259052
993,992,41.26398719259052
992,991,6.897412660859535
991,990,38.90059240049488
990,623,47.91114441222186
995,996,38.127063537843824
1001,1002,5.785022911611422
1003,1004,45.22131601162568
223,1007,23.612420752757526
503,1008,87.81597725012162
1008,503,87.81597725012162
1011,1012,10.98427748068852
1012,1013,6.42015939598301
1013,1014,25.80910454687141
1014,1015,30.271846778826152
1015,1014,30.271846778826152
1014,1013,25.80910454687141
1013,1012,6.42015939598301
1012,1011,10.98427748068852
1020,1021,2.352534488954084
1021,1022,74.20072535742602
1022,1023,18.435997709862946
1023,1024,28.337794669884246
1024,1023,28.337794669884246
1023,1022,18.435997709862946
1022,1021,74.20072535742602
1021,1020,2.352534488954084
1025,137,2.860118851468691
137,1025,2.860118851468691
537,1026,3.1006622446537673
1026,1027,4.009038874210463
1027,1028,35.30221706199352
1028,1029,6.232375626310121
1029,1030,6.1768346167465875
1030,1031,31.964982128121044
1031,1032,6.066938560663992
1032,1033,24.472396372849023
1033,1034,6.6956800120035345
1034,1035,5.832293790960184
1035,1036,32.7815428393184
1036,1037,54.89637953701265
1037,1038,45.69550684959631
1038,1037,45.69550684959631
1037,1036,54.89637953701265
1036,1035,32.7815428393184
1035,1034,5.832293790960184
1034,1033,6.6956800120035345
1033,1032,24.472396372849023
1032,1031,6.066938560663992
1031,1030,31.964982128121044
1030,1029,6.1768346167465875
1029,1028,6.232375626310121
1028,1027,35.30221706199352
1027,1026,4.009038874210463
1026,537,3.1006622446537673
1043,1044,0.7950294561991839
1044,1045,3.5906667911346917
1045,1044,3.5906667911346917
1044,1043,0.7950294561991839
1048,1049,85.11884258373506
1050,1051,11.605493938468943
1051,379,13.856024361426215
379,1051,13.856024361426215
1051,1050,11.605493938468943
41,345,6.030281619828537
781,1059,3.0718762009808795
1059,781,3.0718762009808795
272,1063,80.53078391056319
447,1070,4.45876848289253
1070,1071,7.1180651290477766
1071,1070,7.1180651290477766
1070,447,4.45876848289253
1055,1072,11.510348387567605
1072,494,12.26843774726757
819,1073,9.811014299602858
1076,1077,63.133791897298146
1079,1080,19.283713786628432
1080,1081,14.965127147166172
1081,1082,3.4336086230419562
1082,1083,8.533168194110072
1083,1084,1.927541859101933
1084,1083,1.927541859101933
1083,1082,8.533168194110072
1082,1081,3.4336086230419562
1081,1080,14.965127147166172
1080,1079,19.283713786628432
1085,1086,4.960592103947516
1086,1074,4.204357030736425
1074,1079,13.015480463991851
1079,1074,13.015480463991851
1074,1086,4.204357030736425
1086,1085,4.960592103947516
1087,688,10.115620596885222
688,1087,10.115620596885222
1091,1092,64.51540320439759
1095,1096,74.96800241621709
1097,1098,2.4693086940741553
1098,1099,33.69014935894614
31,1102,10.655646560899902
1104,1105,15.274067037387498
227,1109,3.9844174037623046
1109,1069,3.7580406681877405
1114,1115,63.50748442774382
1127,1128,40.65067422884809
1131,1132,76.05669854267408
630,1058,11.114211761004778
1058,1135,12.056804064629533
1137,1138,61.74791313978551
378,1142,8.19509668636103
1142,378,8.19509668636103
16,1143,3.5894116721626053
1143,1144,6.859213494845593
1144,1143,6.859213494845593
1143,16,3.5894116721626053
1145,1146,2.635198289311096
1146,1147,7.796856170183696
1147,1146,7.796856170183696
1146,1145,2.635198289311096
1149,1150,4.817273255300522
1150,1151,2.430491794705821
1151,1150,2.430491794705821
1150,1149,4.817273255300522
1152,1153,31.60890837750171
1153,1154,27.295689701771558
1154,1155,3.4260640094605255
1155,1156,1.3802270687237268
1156,1157,1.296348676669683
1157,1158,1.231622147821687
1158,1159,1.6340298710899148
1159,1160,2.3766870526270316
1160,1161,4.588682972675306
1161,1160,4.588682972675306
1160,1159,2.3766870526270316
1159,1158,1.6340298710899148
1158,1157,1.231622147821687
1157,1156,1.296348676669683
1156,1155,1.3802270687237268
1155,1154,3.4260640094605255
1154,1153,27.295689701771558
1153,1152,31.60890837750171
1162,1163,7.677355203328904
1163,1164,1.6599374235580124
1164,1165,3.7851684716081833
1165,1166,2.8359368465301538
1166,1167,4.298615587167792
1167,1168,5.858158302553448
1168,1169,5.767667911818428
1169,1170,5.9254721919425055
1170,1171,9.229664295787995
1171,1172,21.221348201201025
1172,1173,16.808358652260942
1173,1174,18.70104860086241
1174,1173,18.70104860086241
1173,1172,16.808358652260942
1172,1171,21.221348201201025
1171,1170,9.229664295787995
1170,1169,5.9254721919425055
1169,1168,5.767667911818428
1168,1167,5.858158302553448
1167,1166,4.298615587167792
1166,1165,2.8359368465301538
1165,1164,3.7851684716081833
1164,1163,1.6599374235580124
1163,1162,7.677355203328904
1175,1176,1.237158910344857
1176,1162,0.9817715072941968
1162,1176,0.9817715072941968
1176,1175,1.237158910344857
1177,1178,0.5671516806837812
1178,1179,2.178299074754171
1179,1178,2.178299074754171
1178,1177,0.5671516806837812
1182,1183,5.6854247537281495
1183,1180,5.958360070846994
1180,570,5.447779970441317
570,1180,5.447779970441317
1180,1183,5.958360070846994
1183,1182,5.6854247537281495
1188,1184,7.034739525393628
1189,1190,0.9184973750568859
1190,1191,3.7238063629643157
1191,1190,3.7238063629643157
1190,1189,0.9184973750568859
1192,1193,6.793609167373482
1193,1194,1.8423411068037545
1194,1195,1.8384679984650099
1195,1194,1.8384679984650099
1194,1193,1.8423411068037545
1193,1192,6.793609167373482
1196,1197,7.937623738270069
1197,1198,5.799965478676942
1198,1199,3.5278441647277816
1199,1200,17.0648341601957
1200,804,3.636774976088983
804,1200,3.636774976088983
1200,1199,17.0648341601957
1199,1198,3.5278441647277816
1198,1197,5.799965478676942
1197,1196,7.937623738270069
1201,1202,4.944578926050238
1202,1203,3.9136323849069723
1203,1204,5.779252434962558
1204,53,9.726321472411279
53,1204,9.726321472411279
1204,1203,5.779252434962558
1203,1202,3.9136323849069723
1202,1201,4.944578926050238
221,1205,4.998789972486339
1205,306,5.231720551120326
500,442,5.4663236584095705
1206,1207,8.549329351867554
1207,1208,0.7920037237684809
1208,1209,0.46615289221836037
1209,1210,8.360018759763657
1210,1211,9.124807738537655
1211,1212,8.538262386263895
1212,1213,8.325532219827132
1213,1214,8.0230289649003
1214,1215,1.223959012779114
1215,1216,1.1535667842340893
1216,1217,2.339483475666456
1217,1216,2.339483475666456
1216,1215,1.1535667842340893
1215,1214,1.223959012779114
1214,1213,8.0230289649003
1213,1212,8.325532219827132
1212,1211,8.538262386263895
1211,1210,9.124807738537655
1210,1209,8.360018759763657
1209,1208,0.46615289221836037
1208,1207,0.7920037237684809
1207,1206,8.549329351867554
1218,925,3.471000091127644
925,1218,3.471000091127644
1219,1220,1.6338899101128668
1220,1221,1.647117794107665
1221,1220,1.647117794107665
1220,1219,1.6338899101128668
1221,886,0.39998302312356904
886,1221,0.39998302312356904
1222,1223,0.42854401464128383
1223,1222,0.42854401464128383
1224,889,0.5405103094806231
889,1224,0.5405103094806231
1225,1224,5.764671126490697
1224,1225,5.764671126490697
1226,1227,0.10707678990326538
1227,888,0.4316061954053704
888,1228,0.5145207122838873
1228,1229,1.7282045361268112
1229,1230,2.2166004817657217
1230,1231,0.5457368371454112
1231,1230,0.5457368371454112
1230,1229,2.2166004817657217
1229,1228,1.7282045361268112
1228,888,0.5145207122838873
888,1227,0.4316061954053704
1227,1226,0.10707678990326538
1232,1226,4.164844043427456
1226,1232,4.164844043427456
1233,1234,2.899866408302919
1234,1233,2.899866408302919
1234,1235,0.35853420821128096
1235,1234,0.35853420821128096
1236,1222,4.169760249895229
1222,1236,4.169760249895229
1239,817,8.289625122005017
817,973,8.195417809740961
973,742,8.35604032033833
742,549,8.528074986749171
549,1240,8.099764754966001
1240,1241,5.321710890345082
269,1051,37.96084647742317
1246,1247,46.79572809327093
380,866,12.25326471671703
866,1250,7.2535681412163555
550,741,7.707635351704406
741,974,7.927751805447934
1251,1252,5.7003006203693944
1252,1251,5.7003006203693944
529,410,18.57010153032543
1251,530,29.64453500437048
410,1253,3.234300909562635
1253,410,3.234300909562635
747,1254,3.6438831294716474
1254,1255,3.019472328977069
1255,1256,7.735905395519969
1256,1257,1.5664549128029157
1257,1258,1.5372847787939368
1258,1259,1.3769726506901274
1259,1260,2.8841825012298727
1260,1261,0.7743161144620214
